Article	roleplaying	rpgs	xcode	hopper	kong	bytecode	battle	japan	sega	handheld	kinect	invaders	ada	firstperson	survival	game	mmorpgs	fallout	sony	ds	compiler	taito	bestselling	lisp	gun	xbox	playstation	studios	netbeans	rockstar	babbage	namco	neo	cartridge	entertainment	multiplayer	uml	racing	nes	360	compilers	2600	franchises	capcom	genre	super	legend	boy	paradigms	players	iso	tactical	adventure	3ds	lovelace	gamecube	wii	turnbased	arcades	perl	arcade	nintendos	gameplay	tennis	sports	stealth	snes	mary	ead	controller	thirdperson	atari	platformer	debugging	indie	accessories	bros	player	ar	cobol	pong	famicom	genres	zelda	games	sim	gaming	combat	scrum	mario	actionadventure	nintendo	gamers	pokmon	shooter	consoles	fighting	mmorpg	joystick	axn	
Compiler	0	0	0	0	0	6	0	0	0	0	0	0	15	0	0	1	0	0	0	0	121	0	0	5	0	0	0	0	0	0	0	0	0	0	0	0	0	0	0	1	49	0	0	0	0	0	0	0	0	0	1	0	0	0	0	0	0	0	0	1	0	0	0	0	0	0	0	0	0	0	0	0	0	2	0	0	0	0	0	4	0	0	0	0	0	0	0	0	0	0	0	0	0	0	0	0	0	0	0	0	
Information_security	0	0	0	0	0	0	0	0	0	0	0	0	0	0	0	0	0	0	0	0	1	0	0	0	0	0	0	0	0	0	0	0	0	0	0	0	0	0	0	0	0	0	0	0	0	0	0	0	1	0	3	0	0	0	0	0	0	0	0	0	0	0	0	0	0	0	0	0	0	0	0	0	0	0	0	0	0	0	0	0	0	0	0	0	1	0	0	0	0	0	0	0	0	0	0	0	0	0	0	0	
Java_(programming_language)	0	0	0	0	0	13	0	0	0	0	0	0	0	0	0	0	0	0	0	0	7	0	0	1	0	0	0	0	2	0	0	0	0	0	0	0	0	0	0	0	2	0	0	0	0	0	0	0	0	0	0	0	0	0	0	0	0	0	0	1	0	0	0	0	0	0	0	0	0	0	0	0	0	0	0	0	0	0	0	1	0	0	0	0	1	0	0	0	0	0	0	0	0	0	0	0	0	0	0	0	
History_of_programming_languages	0	0	0	4	0	0	0	1	0	0	0	0	7	0	0	0	0	0	0	0	6	0	0	9	0	0	0	0	0	0	0	0	0	0	0	0	0	0	0	0	2	0	0	0	0	0	0	0	4	0	0	0	0	0	1	0	0	0	0	5	0	0	0	0	0	0	0	0	0	0	0	0	0	1	0	0	0	0	0	7	0	0	0	0	1	0	0	0	0	0	0	0	0	0	0	0	0	0	0	0	
Computer_programming	0	0	1	2	0	1	0	0	0	0	0	0	2	0	0	1	0	0	0	0	4	0	0	0	0	0	0	0	1	0	0	0	0	0	0	0	3	0	0	0	3	0	0	0	0	0	0	0	2	0	1	0	0	0	2	0	0	0	0	0	0	0	0	0	0	0	0	2	0	0	0	0	0	10	0	0	0	0	0	2	0	0	0	0	1	0	0	0	2	0	0	0	0	0	0	0	0	0	0	0	
NetBeans	0	0	2	0	0	2	0	0	0	0	0	0	0	0	0	0	0	0	0	0	0	0	0	0	0	0	0	0	89	0	0	0	0	0	0	0	1	0	0	0	0	0	0	0	0	0	0	0	0	0	0	0	0	0	0	0	0	0	0	0	0	0	0	0	0	0	0	0	0	0	0	0	0	1	0	0	0	0	0	0	0	0	0	0	1	0	0	0	0	0	0	0	0	0	0	0	0	0	0	0	
Procedural_programming	0	0	0	0	0	0	0	0	0	0	0	0	0	0	0	0	0	0	0	0	0	0	0	1	0	0	0	0	0	0	0	0	0	0	0	0	0	0	0	0	0	0	0	0	0	0	0	0	4	0	0	0	0	0	0	0	0	0	0	0	0	0	0	0	0	0	0	0	0	0	0	0	0	0	0	0	0	0	0	1	0	0	0	0	0	0	0	0	0	0	0	0	0	0	0	0	0	0	0	0	
Logic_programming	0	0	0	0	0	0	0	0	0	0	0	0	0	0	0	0	0	0	0	0	1	0	0	1	0	0	0	0	0	0	0	0	0	0	0	0	0	0	0	0	1	0	0	0	0	0	0	0	1	0	1	0	0	0	0	0	0	0	0	0	0	0	0	0	0	0	0	6	0	0	0	0	0	0	0	0	0	0	0	0	0	0	0	0	0	0	0	0	0	0	0	0	0	0	0	0	0	0	0	0	
Software_development_methodology	0	0	0	1	0	0	0	0	0	0	0	0	0	0	0	0	0	0	0	0	1	0	0	0	0	0	0	0	0	0	0	0	0	0	0	0	3	0	0	0	0	0	0	0	0	0	0	0	2	0	4	0	0	0	0	0	0	0	0	0	0	0	0	0	0	0	0	2	0	0	0	0	0	1	0	0	0	0	0	0	0	0	0	0	0	0	0	0	5	0	0	0	0	0	0	0	0	0	0	0	
Logic	0	0	0	0	0	0	0	0	0	0	0	0	0	0	0	3	0	0	0	0	0	0	0	0	0	0	0	0	0	0	0	0	0	0	0	0	0	0	0	0	0	0	0	0	0	0	0	0	0	0	0	0	0	0	0	0	0	0	0	0	0	0	0	0	0	0	0	0	0	0	0	0	0	0	0	0	0	0	0	0	0	0	0	0	5	0	0	0	0	0	0	0	0	0	0	0	0	0	0	0	
Software_developer	0	0	0	0	0	0	0	0	0	0	0	0	2	0	0	1	0	0	0	0	0	0	0	1	0	0	0	0	0	0	0	0	0	0	0	0	1	0	0	0	0	0	0	0	0	0	0	0	0	0	0	0	0	0	2	0	0	0	0	0	0	0	0	0	0	0	0	0	0	0	0	0	0	3	0	0	0	0	0	2	0	0	0	0	2	0	0	0	0	0	0	0	0	0	0	0	0	0	0	0	
Scripting_language	0	0	0	0	0	1	0	0	0	0	0	0	0	0	0	4	0	0	0	0	1	0	0	6	0	0	0	0	0	0	0	0	0	0	0	0	0	0	0	0	0	0	0	0	0	0	0	0	0	1	0	0	0	0	0	0	0	0	0	13	0	0	0	0	0	0	0	0	0	0	0	0	0	0	0	0	0	0	0	0	0	0	0	0	4	0	0	0	0	0	0	0	0	0	0	0	0	0	0	0	
Algorithm	0	0	0	0	0	0	0	0	0	0	0	0	1	0	0	0	0	0	0	0	0	0	0	0	0	0	0	0	0	0	2	0	0	0	0	0	0	0	0	0	0	0	0	0	0	0	0	0	2	0	0	0	0	0	2	0	0	0	0	0	0	0	0	0	0	0	0	0	0	0	0	0	0	0	0	0	0	0	0	0	0	0	0	0	0	0	0	0	0	0	0	0	0	0	0	0	0	0	0	0	
Programming_paradigm	0	0	0	1	0	0	0	0	0	0	0	0	0	0	0	0	0	0	0	0	3	0	0	2	0	0	0	0	0	0	0	0	0	0	0	0	2	0	0	0	0	0	0	0	0	0	0	0	28	0	0	0	0	0	0	0	0	0	0	2	0	0	0	0	0	0	0	2	0	0	0	0	0	0	0	0	0	0	0	2	0	0	0	0	2	0	0	0	1	0	0	0	0	0	0	0	0	0	0	0	
Algorithmic_efficiency	0	0	0	0	0	0	0	0	0	0	0	0	1	0	0	1	0	0	0	0	7	0	0	0	0	0	0	0	0	0	0	0	0	0	0	0	0	0	0	0	1	0	0	0	0	0	0	0	0	0	0	0	0	0	1	0	0	0	0	0	0	0	0	0	0	0	0	0	0	0	0	0	0	0	0	0	0	0	0	0	0	0	0	0	1	0	0	0	0	0	0	0	0	0	0	0	0	0	0	0	
Computer_program	0	0	0	0	0	1	0	0	0	0	0	0	1	0	0	0	0	0	0	0	4	0	0	1	0	0	0	0	0	0	1	0	0	0	1	0	0	0	0	0	3	0	0	0	0	0	0	0	1	2	0	0	0	0	1	0	0	0	0	0	0	0	0	0	0	0	0	0	0	0	0	0	0	0	0	0	0	0	0	1	0	0	0	0	1	0	0	0	0	0	0	0	0	0	0	0	0	0	0	0	
Command_line	0	0	0	0	0	0	0	0	0	0	0	0	0	0	0	1	0	0	0	0	0	0	0	1	0	0	0	0	0	0	0	0	0	0	0	0	0	0	0	0	0	0	0	0	0	0	0	0	0	0	0	0	2	0	0	0	0	0	0	2	0	0	0	0	0	0	0	0	0	0	0	0	0	0	0	0	0	0	0	0	0	0	0	0	3	0	0	0	0	0	0	0	0	0	0	0	0	0	0	0	
Computing	0	0	0	0	0	0	0	0	0	0	0	0	0	0	0	0	0	0	0	0	1	0	0	1	0	0	0	0	0	0	0	0	0	0	1	0	0	0	0	0	1	0	0	0	0	0	0	0	0	1	0	0	0	0	0	0	0	0	0	0	0	0	0	0	0	0	0	0	0	0	0	0	0	1	0	0	0	0	0	0	0	0	0	0	1	0	1	0	0	0	0	0	0	0	0	0	0	0	0	0	
Computer_security	0	0	0	0	0	0	0	0	0	0	0	0	0	0	0	0	0	0	0	0	1	0	0	0	0	0	0	0	0	0	0	0	0	0	0	0	0	0	0	0	0	1	0	0	0	0	0	0	0	0	0	0	0	0	0	0	0	0	0	0	0	0	0	0	0	0	0	0	0	0	0	0	0	0	0	0	0	0	0	0	0	0	0	0	1	0	0	0	0	0	0	0	0	0	0	0	0	0	0	0	
Machine_code	0	0	0	0	0	4	0	0	0	0	0	0	0	0	0	0	0	0	0	0	3	0	0	0	0	0	0	0	0	0	0	0	0	0	0	0	0	0	0	0	2	0	0	0	0	0	0	0	0	0	0	0	0	0	0	0	0	0	0	0	0	0	0	0	0	0	0	0	0	0	0	0	0	1	0	0	0	0	0	0	0	0	0	0	0	0	0	0	0	0	0	0	0	0	0	0	0	0	0	0	
Text_editor	0	0	0	0	0	0	0	0	0	0	0	0	0	0	0	0	0	0	0	0	0	0	0	0	0	0	0	0	0	0	0	0	0	0	0	0	0	0	0	0	0	0	0	0	0	0	0	0	0	0	0	0	0	0	0	0	0	0	0	0	0	0	0	0	0	0	0	0	0	0	0	0	0	0	0	0	0	0	0	0	0	0	0	0	1	0	0	0	0	0	0	0	0	0	0	0	0	0	0	0	
Software_development	0	0	0	1	0	0	0	0	0	0	0	0	0	0	0	1	0	0	0	0	3	0	0	1	0	0	0	0	0	0	0	0	0	0	0	0	4	0	0	0	0	0	0	0	0	0	0	0	11	0	2	0	0	0	0	0	0	0	0	0	0	0	0	0	0	0	0	2	0	0	0	0	0	2	0	0	0	0	0	0	0	0	0	0	1	0	0	0	2	0	0	0	0	0	0	0	0	0	0	0	
Requirements_analysis	0	0	0	1	0	0	0	0	0	0	0	0	0	0	0	0	0	0	0	0	2	0	0	0	0	0	0	0	0	0	0	0	0	0	0	0	3	0	0	0	0	0	0	0	0	0	0	0	1	0	1	0	0	0	0	0	0	0	0	0	0	0	0	0	0	0	0	2	0	0	0	0	0	1	0	0	0	0	0	0	0	0	0	0	1	0	0	0	2	0	0	0	0	0	0	0	0	0	0	0	
Grace_Hopper	0	0	0	85	0	0	0	0	0	0	0	0	1	0	0	0	0	0	0	0	7	0	0	0	0	0	0	0	0	0	1	0	0	0	0	0	2	0	0	0	1	0	0	0	0	0	0	0	0	0	0	0	0	0	1	0	0	0	0	0	0	0	0	0	0	0	0	38	0	0	0	0	0	1	0	0	0	0	0	8	0	0	0	0	0	0	0	0	1	0	0	0	0	0	0	0	0	0	0	0	
Naming_conventions_(programming)	0	0	0	0	0	0	0	0	0	0	0	0	2	0	0	0	0	0	0	0	1	0	0	3	0	0	0	0	0	0	0	0	0	0	0	0	0	0	0	0	1	0	0	0	0	0	0	0	0	0	0	0	0	0	0	0	0	0	0	6	0	0	0	0	0	0	0	0	0	0	0	0	0	0	0	0	0	0	0	2	0	0	0	0	0	0	0	0	0	0	0	0	0	0	0	0	0	0	0	0	
Lisp_(programming_language)	0	0	0	0	0	1	0	0	0	0	0	0	0	0	0	3	0	0	0	0	9	0	0	273	0	0	0	0	0	0	1	0	0	0	0	0	0	0	0	0	1	0	0	0	0	0	0	0	1	0	0	0	0	0	0	0	0	0	0	1	0	0	0	0	0	0	0	0	0	0	0	1	0	0	0	0	0	0	0	1	0	0	0	0	1	0	0	0	0	0	0	0	0	0	0	0	0	0	0	0	
Assembly_language	0	0	0	0	0	0	0	0	0	0	0	0	1	0	0	2	0	0	0	0	9	0	0	2	0	0	1	0	0	0	0	0	0	0	0	0	0	0	0	0	6	0	0	0	0	0	0	0	0	0	0	0	0	0	0	0	0	0	0	1	1	0	0	0	0	0	0	0	0	0	0	1	0	5	0	0	0	0	0	5	0	0	0	0	4	0	0	0	0	0	0	0	0	0	0	0	0	0	0	0	
COBOL	0	0	0	6	0	0	0	0	0	0	0	0	0	0	0	0	0	0	0	0	4	0	0	1	0	0	0	0	0	0	0	0	0	0	0	0	0	0	0	0	9	0	0	0	0	0	0	0	0	0	7	0	0	0	0	0	0	0	0	1	0	0	0	0	0	0	0	1	0	0	0	0	0	2	0	0	0	0	0	137	0	0	0	0	0	0	0	1	0	0	0	0	0	0	0	0	0	0	0	0	
Software_engineering	0	0	0	1	0	0	0	0	0	0	0	0	0	0	0	0	0	0	0	0	2	0	0	0	0	0	0	0	0	0	0	0	0	0	0	0	3	0	0	0	0	0	0	0	0	0	0	0	1	0	1	0	0	0	0	0	0	0	0	0	0	0	0	0	0	0	0	2	0	0	0	0	0	2	0	0	0	0	0	0	0	0	0	0	1	0	0	0	2	0	0	0	0	0	0	0	0	0	0	0	
Functional_programming	0	0	0	0	0	0	0	0	0	0	0	0	0	0	0	0	0	0	0	0	5	0	0	7	0	0	0	0	0	0	0	0	0	0	0	0	0	0	0	0	2	0	0	0	0	0	0	0	4	0	0	0	0	0	0	0	0	0	0	4	0	0	0	0	0	0	0	0	0	0	0	0	0	0	0	0	0	0	0	0	0	0	0	0	0	0	0	0	0	0	0	0	0	0	0	0	0	0	0	0	
Operating_system	0	0	0	0	0	0	0	0	0	0	0	0	0	0	0	1	0	0	0	0	1	0	0	0	0	0	0	0	0	0	0	0	0	0	0	0	0	0	0	0	0	0	0	0	0	0	0	0	0	0	1	0	0	0	0	0	0	0	0	0	0	0	0	0	0	0	0	1	0	0	0	0	0	0	0	0	0	0	0	0	0	0	0	0	2	0	0	0	0	0	0	0	0	0	0	1	0	0	0	0	
Programming_style	0	0	0	0	0	0	0	0	0	0	0	0	0	0	0	0	0	0	0	0	0	0	0	0	0	0	0	0	0	0	0	0	0	0	0	0	0	0	0	0	0	0	0	0	0	0	0	0	0	0	0	0	0	0	0	0	0	0	0	0	0	0	0	0	0	0	0	0	0	0	0	0	0	0	0	0	0	0	0	0	0	0	0	0	0	0	0	0	0	0	0	0	0	0	0	0	0	0	0	0	
Agile_software_development	0	0	0	1	0	0	0	0	0	0	0	0	0	0	0	2	0	0	0	0	1	0	0	1	0	0	0	0	0	0	0	0	0	0	0	0	2	0	0	0	0	0	0	0	0	0	0	0	3	0	4	0	0	0	0	0	0	0	0	0	0	0	0	0	0	0	0	2	0	0	0	0	0	1	0	0	0	0	0	0	0	0	0	0	1	0	0	0	24	0	0	0	0	0	0	0	0	0	0	0	
Software_maintenance	0	0	0	1	0	0	0	0	0	0	0	0	0	0	0	0	0	0	0	0	2	0	0	0	0	0	0	0	0	0	0	0	0	0	0	0	2	0	0	0	0	0	0	0	0	0	0	0	1	0	3	0	0	0	0	0	0	0	0	0	0	0	0	0	0	0	0	2	0	0	0	0	0	1	0	0	0	0	0	0	0	0	0	0	1	0	0	0	2	0	0	0	0	0	0	0	0	0	0	0	
Performance_engineering	0	0	0	0	0	0	0	0	0	0	0	0	0	0	0	0	0	0	0	0	0	0	0	0	0	0	0	0	0	0	0	0	0	0	0	0	1	0	0	0	0	0	0	0	0	0	0	0	0	0	0	0	0	0	0	0	0	0	0	0	0	0	0	0	0	0	0	0	0	0	0	0	0	0	0	0	0	0	0	0	0	0	0	0	0	0	0	0	0	0	0	0	0	0	0	0	0	0	0	0	
Compiler_construction	0	0	0	0	0	6	0	0	0	0	0	0	15	0	0	1	0	0	0	0	121	0	0	5	0	0	0	0	0	0	0	0	0	0	0	0	0	0	0	1	49	0	0	0	0	0	0	0	0	0	1	0	0	0	0	0	0	0	0	1	0	0	0	0	0	0	0	0	0	0	0	0	0	2	0	0	0	0	0	4	0	0	0	0	0	0	0	0	0	0	0	0	0	0	0	0	0	0	0	0	
Virtual_machine	0	0	0	0	0	1	0	0	0	0	0	0	0	0	0	0	0	0	0	0	7	0	0	0	0	0	0	0	0	0	0	0	0	0	0	0	0	0	0	0	1	0	0	0	0	0	0	0	0	0	0	0	0	0	0	0	0	0	0	0	0	0	0	0	0	0	0	0	0	0	0	0	0	1	0	0	0	1	0	0	0	0	0	0	1	0	0	0	0	0	0	0	0	0	0	0	0	0	0	0	
List_of_programming_languages	0	0	0	0	0	0	0	0	0	0	0	0	1	0	0	1	0	0	0	0	0	0	0	8	0	0	0	0	0	0	1	0	0	0	0	0	1	0	0	0	0	0	0	0	0	0	0	0	0	0	2	0	0	0	0	0	0	0	0	3	0	0	0	0	0	0	0	1	0	0	0	0	0	0	0	0	0	0	0	3	0	0	0	0	0	0	0	0	0	0	0	0	0	0	0	0	0	0	0	0	
Analytical_Engine	0	0	0	0	0	0	0	0	0	0	0	0	3	0	0	0	0	0	0	0	1	0	0	0	0	0	0	0	0	0	30	0	0	0	0	0	0	0	0	0	0	0	0	0	0	0	0	0	0	0	0	0	0	0	5	0	0	0	0	0	0	0	0	0	0	0	0	0	0	0	0	0	0	0	0	0	0	0	0	0	0	0	0	0	1	0	0	0	0	0	0	0	0	0	0	0	0	0	0	0	
Test-driven_development	0	0	0	0	0	0	0	0	0	0	0	0	0	0	0	0	0	0	0	0	2	0	0	0	0	0	0	0	0	0	0	0	0	0	0	0	0	0	0	0	0	0	0	0	0	0	0	0	1	0	1	0	0	0	0	0	0	0	0	0	0	0	0	0	0	0	0	0	0	0	0	0	0	6	0	0	0	0	0	0	0	0	0	0	0	0	0	0	1	0	0	0	0	0	0	0	0	0	0	0	
Programming_language	0	0	0	2	0	2	0	1	0	0	0	0	3	0	0	0	0	0	0	0	5	0	0	8	0	0	0	0	0	0	0	0	0	0	0	0	0	0	0	0	1	0	0	0	0	0	0	0	6	0	1	0	0	0	0	0	0	0	0	5	0	0	0	0	0	0	0	0	0	0	0	0	0	1	0	0	0	2	0	2	0	0	0	0	0	0	0	0	0	0	0	0	0	0	0	0	0	0	0	0	
Model-driven_development	0	0	0	0	0	0	0	0	0	0	0	0	0	0	0	0	0	0	0	0	1	0	0	0	0	0	0	0	0	0	0	0	0	0	0	0	4	0	0	0	0	0	0	0	0	0	0	0	1	0	1	0	0	0	0	0	0	0	0	0	0	0	0	0	0	0	0	0	0	0	0	0	0	1	0	0	0	0	0	0	0	0	0	0	0	0	0	0	1	0	0	0	0	0	0	0	0	0	0	0	
Executable	0	0	0	0	0	2	0	0	0	0	0	0	0	0	0	0	0	0	0	0	4	0	0	0	0	0	0	0	0	0	0	0	0	0	0	0	0	0	0	0	1	0	0	0	0	0	0	0	0	0	0	0	0	0	0	0	0	0	0	0	0	0	0	0	0	0	0	0	0	0	0	0	0	0	0	0	0	0	0	0	0	0	0	0	0	0	0	0	0	0	0	0	0	0	0	0	0	0	0	0	
Profiling_(computer_programming)	0	0	0	0	0	3	0	0	0	0	0	0	0	0	0	0	0	0	0	0	5	0	0	0	0	0	0	0	0	0	0	0	0	0	0	0	0	0	0	0	1	0	0	0	0	0	0	0	0	0	0	0	0	0	0	0	0	0	0	0	0	0	0	0	0	0	0	0	0	0	0	0	0	0	0	0	0	0	0	0	0	0	0	0	0	0	0	0	0	0	0	0	0	0	0	0	0	0	0	0	
Build_automation	0	0	0	0	0	0	0	0	0	0	0	0	0	0	0	0	0	0	0	0	1	0	0	0	0	0	0	0	0	0	0	0	0	0	0	0	0	0	0	0	0	0	0	0	0	0	0	0	1	0	1	0	0	0	0	0	0	0	0	0	0	0	0	0	0	0	0	0	0	0	0	0	0	1	0	0	0	0	0	0	0	0	0	0	0	0	0	0	1	0	0	0	0	0	0	0	0	0	0	0	
Computer_science	0	0	0	1	0	0	0	0	0	0	0	0	1	0	0	1	0	0	0	0	3	0	0	0	0	0	0	0	0	0	2	0	0	0	1	0	2	0	0	0	0	0	0	0	0	0	0	0	6	0	0	0	0	0	1	0	0	0	0	0	0	0	0	0	0	0	0	2	0	0	0	0	0	0	0	0	0	0	0	0	0	0	0	0	6	0	0	0	1	0	0	0	0	0	0	0	0	0	0	0	
Control_flow	0	0	0	0	0	0	0	0	0	0	0	0	14	0	0	0	0	0	0	0	3	0	0	8	0	0	0	0	0	0	0	0	0	0	0	0	0	0	0	0	1	0	0	0	0	0	0	0	0	0	0	0	0	0	0	0	0	0	0	8	0	0	0	0	0	0	0	0	0	0	0	0	0	0	0	0	0	0	0	2	0	0	0	0	0	0	0	0	0	0	0	0	0	0	0	0	0	0	0	0	
Software_engineer	0	0	0	1	0	0	0	0	0	0	0	0	0	0	0	0	0	0	0	0	0	0	0	0	0	0	0	0	0	0	0	0	0	0	0	0	2	0	0	0	0	0	0	0	0	0	0	0	0	0	0	0	0	0	0	0	0	0	0	0	0	0	0	0	0	0	0	2	0	0	0	0	0	0	0	0	0	0	0	0	0	0	0	0	0	0	0	0	1	0	0	0	0	0	0	0	0	0	0	0	
Parallel_computing	0	0	0	0	0	0	0	0	0	0	0	0	0	0	0	0	0	0	1	0	3	0	0	0	0	0	1	0	0	0	1	0	0	0	0	0	0	0	0	0	0	0	0	0	0	0	0	0	0	0	0	0	0	0	0	0	0	0	0	0	0	0	0	0	0	0	0	0	0	0	0	0	0	0	0	0	0	0	0	0	0	0	0	0	0	0	0	0	0	0	0	0	0	0	0	0	0	0	0	0	
Software_design	0	0	0	1	0	0	0	1	0	0	0	0	0	0	0	3	0	0	0	0	2	0	0	0	0	0	0	0	0	0	0	0	0	0	0	0	4	0	0	0	0	0	0	0	0	0	0	0	1	0	2	0	0	0	0	0	0	0	0	0	0	0	0	0	0	0	0	2	0	0	0	0	0	1	0	0	0	0	0	0	0	0	0	0	1	0	0	0	2	0	0	0	0	0	0	0	0	0	0	0	
Waterfall_model	0	0	0	1	0	0	0	0	0	0	0	0	0	0	0	0	0	0	0	0	1	0	0	0	0	0	0	0	0	0	0	0	0	0	0	0	2	0	0	0	0	0	0	0	0	0	0	0	1	0	1	0	0	0	0	0	0	0	0	0	0	0	0	0	0	0	0	2	0	0	0	0	0	2	0	0	0	0	0	0	0	0	0	0	0	0	0	0	2	0	0	0	0	0	0	0	0	0	0	0	
Network_security	0	0	0	0	0	0	0	0	0	0	0	0	0	0	0	0	0	0	0	0	0	0	0	0	0	0	0	0	0	0	0	0	0	0	0	0	0	0	0	0	0	0	0	0	0	0	0	0	0	0	0	0	0	0	0	0	0	0	0	0	0	0	0	0	0	0	0	0	0	0	0	0	0	0	0	0	0	0	0	0	0	0	0	0	0	0	0	0	0	0	0	0	0	0	0	0	0	0	0	0	
Lean_software_development	0	0	0	0	0	0	0	0	0	0	0	0	0	0	0	0	0	0	0	0	1	0	0	0	0	0	0	0	0	0	0	0	0	0	0	0	0	0	0	0	0	0	0	0	0	0	0	0	1	0	1	0	0	0	0	0	0	0	0	0	0	0	0	0	0	0	0	1	0	0	0	0	0	1	0	0	0	0	0	0	0	0	0	0	0	0	0	0	2	0	0	0	0	0	0	0	0	0	0	0	
High-level_language	0	0	0	0	0	2	0	0	0	0	0	0	0	0	0	0	0	0	0	0	5	0	0	1	0	0	0	0	0	0	0	0	0	0	0	0	0	0	0	0	3	0	0	0	0	0	0	0	0	0	0	0	0	0	0	0	0	0	0	1	0	0	0	0	0	0	0	0	0	0	0	0	0	1	0	0	0	0	0	2	0	0	0	0	0	0	0	0	0	0	0	0	0	0	0	0	0	0	0	0	
Ada_Lovelace	0	0	0	1	0	0	0	0	0	0	0	0	80	0	0	0	0	0	0	0	0	0	0	0	0	0	0	0	0	0	29	0	0	0	0	0	0	0	0	0	0	0	0	0	0	0	0	1	0	0	0	0	0	0	73	0	0	0	0	0	0	0	0	0	0	0	0	6	0	0	0	0	0	1	0	0	0	0	0	0	0	0	0	0	0	0	0	0	0	0	0	0	0	0	0	0	0	0	0	0	
Source_code	0	0	0	0	0	2	0	0	0	0	0	0	0	0	0	0	0	0	0	0	4	0	0	0	0	0	0	0	0	0	0	0	0	0	0	0	0	0	0	0	1	0	0	0	0	0	0	0	1	0	0	0	0	0	0	0	0	0	0	0	0	0	0	0	0	0	0	0	0	0	0	0	0	1	0	0	0	0	0	0	0	0	0	0	0	0	0	0	0	0	0	0	0	0	0	0	0	0	0	0	
Software_construction	0	0	0	0	0	0	0	0	0	0	0	0	0	0	0	0	0	0	0	0	1	0	0	0	0	0	0	0	0	0	0	0	0	0	0	0	1	0	0	0	0	0	0	0	0	0	0	0	1	0	1	0	0	0	0	0	0	0	0	0	0	0	0	0	0	0	0	0	0	0	0	0	0	3	0	0	0	0	0	0	0	0	0	0	0	0	0	0	2	0	0	0	0	0	0	0	0	0	0	0	
Source_code_editor	0	0	1	0	0	0	0	0	0	0	0	0	0	0	0	0	0	0	0	0	1	0	0	0	0	0	0	0	2	0	0	0	0	0	0	0	0	0	0	0	0	0	0	0	0	0	0	0	0	0	0	0	0	0	0	0	0	0	0	0	0	0	0	0	0	0	0	0	0	0	0	0	0	0	0	0	0	0	0	0	0	0	0	0	0	0	0	0	0	0	0	0	0	0	0	0	0	0	0	0	
C_(programming_language)	0	0	2	0	0	0	0	0	0	0	0	0	0	0	0	0	0	0	0	0	17	0	0	1	0	0	0	0	6	0	0	0	0	0	0	0	0	0	0	0	21	0	0	0	0	0	0	0	0	0	8	0	0	0	0	0	0	0	0	5	0	0	0	0	0	0	0	0	0	0	0	0	0	0	0	0	0	0	0	1	0	0	0	0	0	0	0	0	0	0	0	0	0	0	0	0	0	0	0	0	
UML_tool	0	0	0	0	0	0	0	0	0	0	0	0	0	0	0	0	0	0	0	0	0	0	0	0	0	0	0	0	0	0	0	0	0	0	0	0	35	0	0	0	1	0	0	0	0	0	0	0	0	0	0	0	0	0	0	0	0	0	0	0	0	0	0	0	0	0	0	0	0	0	0	0	0	0	0	0	0	0	0	0	0	0	0	0	0	0	0	0	0	0	0	0	0	0	0	0	0	0	0	0	
Interpreter_(computing)	0	0	0	0	0	18	0	0	0	0	0	0	0	0	0	0	0	0	0	0	22	0	0	11	0	0	0	0	0	0	0	0	0	0	0	0	0	0	0	0	12	0	0	0	0	0	0	0	0	0	0	0	0	0	0	0	0	0	0	1	0	0	0	0	0	0	0	0	0	0	0	0	0	0	0	0	0	0	0	1	0	0	0	0	1	0	0	0	0	0	0	0	0	0	0	0	0	0	0	0	
Concurrent_computing	0	0	0	0	0	0	0	0	0	0	0	0	0	0	0	0	0	0	0	0	1	0	0	1	0	0	0	0	0	0	0	0	0	0	0	0	0	0	0	0	0	0	0	0	0	0	0	0	1	0	0	0	0	0	0	0	0	0	0	2	0	0	0	0	0	0	0	0	0	0	0	0	0	0	0	0	0	0	0	0	0	0	0	0	0	0	0	0	0	0	0	0	0	0	0	0	0	0	0	0	
Continuous_delivery	0	0	0	0	0	0	0	0	0	0	0	0	0	0	0	0	0	0	0	0	0	0	0	0	0	0	0	0	0	0	0	0	0	0	0	0	0	0	0	0	0	0	0	0	0	0	0	0	0	0	0	0	0	0	0	0	0	0	0	0	0	0	0	0	0	0	0	0	0	0	0	0	0	0	0	0	0	0	0	0	0	0	0	0	0	0	0	0	0	0	0	0	0	0	0	0	0	0	0	0	
Adaptive_software_development	0	0	0	0	0	0	0	0	0	0	0	0	0	0	0	0	0	0	0	0	1	0	0	0	0	0	0	0	0	0	0	0	0	0	0	0	0	0	0	0	0	0	0	0	0	0	0	0	1	0	1	0	0	0	0	0	0	0	0	0	0	0	0	0	0	0	0	0	0	0	0	0	0	1	0	0	0	0	0	0	0	0	0	0	0	0	0	0	1	0	0	0	0	0	0	0	0	0	0	0	
Debugging	0	0	0	1	0	0	0	0	0	0	0	0	0	0	0	1	0	0	0	0	3	0	0	0	0	1	0	0	0	0	0	0	0	0	0	0	0	0	0	0	0	0	0	0	0	0	0	0	1	0	1	0	0	0	0	0	0	0	0	0	0	0	0	0	0	0	0	0	0	0	0	0	0	53	0	0	0	0	0	0	0	0	0	0	0	0	0	0	1	0	0	0	0	0	0	1	0	0	0	0	
Maintainability	0	0	0	0	0	0	0	0	0	0	0	0	0	0	0	0	0	0	0	0	0	0	0	0	0	0	0	0	0	0	0	0	0	0	0	0	0	0	0	0	0	0	0	0	0	0	0	0	0	0	0	0	0	0	0	0	0	0	0	0	0	0	0	0	0	0	0	0	0	0	0	0	0	0	0	0	0	0	0	0	0	0	0	0	0	0	0	0	0	0	0	0	0	0	0	0	0	0	0	0	
Dynamic_systems_development_method	0	0	0	0	0	0	0	0	0	0	0	0	0	0	0	0	0	0	0	0	1	0	0	0	0	0	0	0	0	0	0	0	0	0	0	0	0	0	0	0	0	0	0	0	0	0	0	0	1	0	1	0	0	0	0	0	0	0	0	0	0	0	0	0	0	0	0	0	0	0	0	0	0	1	0	0	0	0	0	0	0	0	0	0	0	0	0	0	2	0	0	0	0	0	0	0	0	0	0	0	
Continuous_integration	0	0	0	0	0	0	0	0	0	0	0	0	0	0	0	0	0	0	0	0	1	0	0	0	0	0	0	0	0	0	0	0	0	0	0	0	0	0	0	0	0	0	0	0	0	0	0	0	1	0	2	0	0	0	0	0	0	0	0	0	0	0	0	0	0	0	0	0	0	0	0	0	0	2	0	0	0	0	0	0	0	0	0	0	0	0	0	0	1	0	0	0	0	0	0	0	0	0	0	0	
Charles_Babbage	0	0	0	0	0	0	0	0	0	0	0	0	4	0	0	1	0	0	0	0	0	0	0	0	0	0	0	0	0	0	133	0	0	0	0	0	0	0	0	0	0	0	0	0	1	0	0	0	0	0	0	0	0	0	9	0	0	0	0	0	0	0	0	0	0	0	0	2	0	0	0	0	0	0	0	0	0	0	0	0	0	0	0	0	0	0	0	0	0	0	0	0	0	0	0	0	0	0	0	0	
Software_framework	0	0	0	0	0	0	0	0	0	0	0	0	0	0	0	0	0	0	0	0	0	0	0	0	0	0	0	0	0	0	0	0	0	0	0	0	0	0	0	0	1	0	0	0	0	0	0	0	0	0	0	0	0	0	0	0	0	0	0	0	0	0	0	0	0	0	0	0	0	0	0	0	0	0	0	0	0	0	0	0	0	0	0	0	0	0	0	0	0	0	0	0	0	0	0	0	0	0	0	0	
Usability	0	0	0	0	0	0	0	0	0	0	0	0	0	0	0	0	0	0	0	0	0	0	0	0	0	0	0	0	0	0	0	0	0	0	0	0	0	0	0	0	0	0	0	0	0	0	0	0	0	0	6	0	0	0	0	0	0	0	0	0	0	0	0	0	0	0	0	0	0	0	0	0	0	0	0	0	0	0	0	0	0	0	0	0	0	0	1	0	0	0	0	0	0	0	0	0	0	0	0	0	
Software_deployment	0	0	0	1	0	0	0	0	0	0	0	0	0	0	0	0	0	0	0	0	1	0	0	0	0	0	0	0	0	0	0	0	0	0	0	0	2	0	0	0	0	0	0	0	0	0	0	0	1	0	1	0	0	0	0	0	0	0	0	0	0	0	0	0	0	0	0	2	0	0	0	0	0	1	0	0	0	0	0	0	0	0	0	0	0	0	0	0	2	0	0	0	0	0	0	0	0	0	0	0	
Decomposition_(computer_science)	0	0	0	0	0	0	0	0	0	0	0	0	0	0	0	0	0	0	0	0	0	0	0	0	0	0	0	0	0	0	0	0	0	0	0	0	0	0	0	0	0	0	0	0	0	0	0	0	2	0	0	0	0	0	0	0	0	0	0	0	0	0	0	0	0	0	0	0	0	0	0	0	0	0	0	0	0	0	0	0	0	0	0	0	0	0	0	0	0	0	0	0	0	0	0	0	0	0	0	0	
Software_bug	0	0	0	3	0	0	0	0	0	0	0	0	1	0	0	1	0	0	0	0	2	0	0	0	0	0	0	0	0	0	0	0	0	0	0	0	0	0	0	0	3	0	0	0	0	0	0	0	1	0	1	0	0	0	0	0	0	0	0	0	0	0	0	0	0	0	0	0	0	0	0	0	0	9	0	0	0	0	0	0	0	0	0	0	0	0	0	0	1	0	0	0	0	0	0	0	0	0	0	0	
Software_testing	0	0	0	1	0	0	0	0	0	0	0	0	0	0	0	1	0	0	0	0	2	0	0	0	0	0	0	0	0	0	0	0	0	0	0	0	2	0	0	0	2	0	0	0	0	0	0	0	1	0	6	0	0	0	0	0	0	0	0	0	0	0	0	0	0	0	0	2	0	0	0	0	0	4	0	0	0	0	0	0	0	0	0	0	1	0	0	0	2	0	0	0	0	0	0	0	0	0	0	0	
Software_quality	0	0	0	1	0	0	0	0	0	0	0	0	0	0	0	0	0	0	0	0	1	0	0	0	0	0	0	0	0	0	0	0	0	0	0	0	2	0	0	0	0	0	0	0	0	0	0	0	0	0	8	0	0	0	0	0	0	0	0	0	0	0	0	0	0	0	0	2	0	0	0	0	0	1	0	0	0	0	0	0	0	0	0	0	1	0	0	0	1	0	0	0	0	0	0	0	0	0	0	0	
Comment_(computer_programming)	0	0	0	0	0	0	0	0	0	0	0	0	4	0	0	0	0	0	0	0	0	0	0	1	0	0	0	0	0	0	0	0	0	0	0	0	0	0	0	0	1	0	0	0	0	0	0	0	0	0	0	0	0	0	0	0	0	0	0	7	0	0	0	0	0	0	0	0	0	3	0	0	0	2	0	0	0	0	0	0	0	0	0	0	0	0	0	0	0	0	0	0	0	0	0	0	0	0	0	0	
Scrum_(software_development)	0	0	0	1	0	0	0	0	0	0	0	0	0	0	0	1	0	0	0	0	1	0	0	0	0	0	0	0	0	0	0	0	0	0	0	0	2	0	0	0	0	0	0	0	0	0	0	0	1	0	1	0	0	0	0	0	0	0	0	0	0	0	0	0	0	0	0	2	0	0	0	0	0	1	0	0	0	0	0	0	0	0	0	0	0	0	0	0	139	0	0	0	0	0	0	0	0	0	0	0	
Pair_programming	0	0	0	0	0	0	0	0	0	0	0	0	0	0	0	0	0	0	0	0	0	0	0	0	0	0	0	0	0	0	0	0	0	0	0	0	0	0	0	0	0	0	0	0	0	0	0	0	0	0	0	1	0	0	0	0	0	0	0	0	0	0	0	0	0	0	0	0	0	0	0	0	0	1	0	0	0	0	0	0	0	0	0	0	0	0	0	0	0	0	0	0	0	0	0	0	0	0	0	0	
Object-oriented_programming	0	0	0	1	0	0	0	0	0	0	0	0	2	0	0	0	0	0	0	0	8	0	0	8	0	0	0	0	0	0	0	0	0	0	0	0	4	0	0	0	0	0	0	0	0	0	0	0	3	0	0	0	0	0	0	0	0	0	0	4	0	0	0	0	0	0	0	3	0	0	0	0	0	0	0	0	0	0	0	2	0	0	0	0	0	0	0	0	1	0	0	0	0	0	0	0	0	0	0	0	
Programming_tool	0	0	1	1	0	0	0	0	0	0	0	0	0	0	0	0	0	0	0	0	3	0	0	0	0	0	0	0	0	0	0	0	0	0	0	0	3	0	0	0	2	0	0	0	0	0	0	0	1	0	1	0	0	0	0	0	0	0	0	1	0	0	0	0	0	0	0	2	0	0	0	0	0	3	0	0	0	0	0	0	0	0	0	0	0	0	0	0	2	0	0	0	0	0	0	0	0	0	0	0	
Visual_Studio	0	0	3	0	0	0	0	0	0	0	0	0	0	0	0	0	0	0	0	0	7	0	0	0	0	1	0	0	6	0	0	0	0	0	0	0	2	0	0	0	3	0	0	0	0	0	0	0	0	0	0	0	0	0	0	0	0	0	0	0	0	0	0	0	0	0	0	0	0	0	0	0	0	6	0	0	0	0	0	0	0	0	0	0	0	0	0	0	0	0	0	0	0	0	0	0	0	0	0	0	
Engineering	0	0	0	0	0	0	0	0	0	0	0	0	0	0	0	1	0	0	0	0	0	0	0	0	0	0	0	0	0	0	0	0	0	0	1	0	0	0	0	0	0	0	0	0	0	0	0	0	0	0	0	0	0	0	0	0	0	0	0	0	0	0	0	0	0	0	0	0	0	0	0	0	0	0	0	0	0	0	0	0	0	0	0	0	1	0	1	0	0	0	0	0	0	0	0	0	0	0	0	0	
Visual_programming_language	0	0	0	0	0	0	0	0	0	0	0	0	0	0	0	12	0	0	0	0	0	0	0	2	0	0	0	0	0	0	0	0	0	0	0	0	2	0	0	0	0	0	0	0	0	0	0	0	0	0	0	0	0	0	0	0	0	0	0	0	0	0	0	0	0	0	0	0	0	0	0	0	0	1	0	0	0	0	0	0	0	0	0	0	9	0	0	0	0	0	0	0	0	0	0	0	0	0	0	0	
Xcode	0	0	83	0	0	0	0	0	0	0	0	0	0	0	0	0	0	0	0	0	6	0	0	0	0	0	0	0	5	0	0	0	0	0	0	0	0	0	0	0	1	0	0	0	0	0	0	0	0	0	0	0	0	0	0	0	0	0	0	0	0	0	0	0	0	0	0	0	0	0	0	0	0	3	0	0	0	0	0	0	0	0	0	0	0	0	0	0	0	0	0	0	0	0	0	0	0	0	0	0	
Compiled	0	0	0	0	0	6	0	0	0	0	0	0	15	0	0	1	0	0	0	0	121	0	0	5	0	0	0	0	0	0	0	0	0	0	0	0	0	0	0	1	49	0	0	0	0	0	0	0	0	0	1	0	0	0	0	0	0	0	0	1	0	0	0	0	0	0	0	0	0	0	0	0	0	2	0	0	0	0	0	4	0	0	0	0	0	0	0	0	0	0	0	0	0	0	0	0	0	0	0	0	
System_programming	0	0	0	0	0	0	0	0	0	0	0	0	0	0	0	0	0	0	0	0	0	0	0	0	0	0	0	0	0	0	0	0	0	0	0	0	0	0	0	0	0	0	0	0	0	0	0	0	0	0	0	0	0	0	0	0	0	0	0	0	0	0	0	0	0	0	0	0	0	0	0	0	0	1	0	0	0	0	0	0	0	0	0	0	1	0	0	0	0	0	0	0	0	0	0	0	0	0	0	0	
Software_portability	0	0	0	0	0	0	0	0	0	0	0	0	0	0	0	0	0	0	0	0	1	0	0	0	0	0	0	0	0	0	0	0	0	0	0	0	0	0	0	0	0	0	0	0	0	0	0	0	0	0	0	0	0	0	0	0	0	0	0	0	0	0	0	0	0	0	0	0	0	0	0	0	0	0	0	0	0	0	0	0	0	0	0	0	0	0	0	0	0	0	0	0	0	0	0	0	0	0	0	0	
Programming_language_theory	0	0	0	0	0	0	0	0	0	0	0	0	0	0	0	0	0	0	0	0	4	0	0	2	0	0	0	0	0	0	0	0	0	0	0	0	0	0	0	0	1	0	0	0	0	0	0	0	1	0	0	0	0	0	0	0	0	0	0	0	0	0	0	0	0	0	0	0	0	0	0	0	0	0	0	0	0	0	0	0	0	0	0	0	0	0	0	0	0	0	0	0	0	0	0	0	0	0	0	0	
Memory_leak	0	0	0	0	0	1	0	0	0	0	0	0	1	0	0	1	0	0	0	0	3	0	0	0	0	0	0	0	0	0	0	0	0	0	0	0	0	0	0	0	1	0	0	0	0	0	0	0	0	0	0	0	0	0	0	0	0	0	0	0	0	0	0	0	0	0	0	0	0	0	0	0	0	2	0	0	0	0	0	0	0	0	0	0	0	0	0	0	0	0	0	0	0	0	0	0	0	0	0	0	
Tic-tac-toe	0	0	0	0	0	0	1	0	0	0	0	0	0	0	0	87	0	0	0	0	0	0	0	0	0	0	0	0	0	0	0	0	0	0	0	0	0	0	0	0	0	0	0	0	0	0	0	0	0	15	0	0	1	0	0	0	0	0	0	0	1	0	0	0	0	0	0	0	0	0	0	0	0	0	0	0	0	42	0	0	0	0	0	0	11	0	0	0	0	0	0	0	0	0	0	0	0	0	0	0	
Video_arcade	0	0	0	0	1	0	0	2	3	0	0	1	0	0	0	34	0	0	0	0	0	0	0	0	1	0	0	0	0	0	0	2	0	0	1	0	0	2	0	0	0	0	0	0	0	0	0	0	0	3	0	0	0	0	0	0	0	0	27	0	51	0	2	0	0	0	0	0	0	0	0	0	0	0	0	0	0	7	0	0	1	0	1	0	62	0	4	0	0	0	0	0	0	0	1	2	0	0	0	0	
Xbox_One	0	0	0	0	0	0	0	4	3	2	29	0	0	0	0	25	0	1	5	0	0	0	1	0	0	206	16	9	0	0	0	0	2	0	3	2	0	2	1	23	0	1	1	0	0	3	0	0	0	3	0	0	0	3	0	1	4	0	0	0	2	1	2	0	0	0	1	0	0	22	0	6	0	0	3	2	0	3	0	0	0	0	0	0	60	0	2	0	0	0	0	6	1	0	0	18	0	0	0	0	
Action-adventure_game	4	0	0	0	0	0	2	0	0	0	0	0	0	5	8	39	0	0	0	0	0	0	0	0	1	0	0	0	0	0	0	0	0	0	0	3	0	3	0	0	0	0	2	0	7	0	2	0	0	2	0	2	12	0	0	0	0	2	0	0	2	0	13	0	1	6	0	0	0	0	4	0	2	0	1	0	0	8	0	0	0	0	5	2	29	4	0	3	0	0	22	0	1	0	2	0	1	1	0	0	
List_of_video_games_considered_among_the_best	28	0	0	0	2	0	1	1	16	3	0	1	0	17	8	37	0	1	12	3	0	1	3	0	1	32	52	9	0	6	0	6	0	0	25	2	0	6	16	25	0	1	2	7	1	20	7	5	0	0	0	2	11	1	0	4	6	7	0	0	25	0	0	0	7	7	0	0	0	0	2	4	2	0	0	0	5	2	22	0	1	0	1	7	57	0	1	1	0	7	30	39	0	1	21	0	6	3	0	0	
Casual_game	3	0	0	0	0	0	2	0	0	0	0	0	0	1	2	88	0	0	0	0	0	0	0	0	1	0	1	0	0	0	0	0	0	0	0	5	0	3	0	0	0	0	0	0	1	1	0	1	0	3	0	2	2	0	0	0	3	2	0	0	4	3	7	0	1	1	0	0	0	1	1	0	0	0	5	0	0	0	0	0	0	0	6	0	44	3	4	2	0	0	1	0	4	0	1	2	1	1	0	0	
Downloadable_content	0	0	0	0	0	0	1	0	3	2	0	0	0	0	0	27	0	0	3	5	0	0	0	0	0	7	5	0	0	0	0	0	0	2	0	0	0	0	0	2	0	0	1	0	0	1	0	0	0	2	0	0	0	2	0	0	3	0	0	0	0	0	0	0	0	0	0	0	0	0	0	1	0	0	0	0	1	0	0	0	0	0	0	0	20	0	1	0	0	0	0	13	0	0	1	4	0	0	0	0	
Xbox	0	0	0	0	0	0	0	3	3	6	27	0	0	0	0	40	0	0	1	3	0	0	3	0	0	184	14	4	0	0	0	0	3	0	1	2	0	1	1	53	0	1	0	0	0	4	0	2	0	1	0	0	0	3	0	3	6	0	0	0	7	3	0	0	0	0	1	0	0	32	0	8	0	0	3	4	0	2	0	0	0	0	0	0	48	0	7	0	0	0	0	6	1	0	0	10	0	0	0	0	
Video_game_graphics	3	0	0	0	0	0	0	0	1	0	0	0	0	8	1	47	0	0	0	0	0	0	0	0	0	0	0	0	0	0	0	0	0	0	0	0	0	2	0	0	0	0	0	1	3	2	4	0	0	15	0	1	6	0	0	0	0	0	1	0	2	0	3	0	0	0	0	0	0	0	6	1	0	0	0	0	1	10	0	0	0	0	3	4	77	0	5	0	0	2	2	0	1	1	2	2	0	0	0	0	
Early_history_of_video_games	2	0	0	0	0	0	0	1	0	0	0	0	0	0	0	57	0	0	0	0	0	0	0	0	0	0	1	0	0	0	0	0	0	0	5	1	0	0	0	0	0	0	0	0	0	0	0	0	0	3	0	0	0	0	0	0	0	0	0	0	13	0	0	7	0	0	0	0	0	0	0	1	0	0	0	0	0	1	0	0	4	0	1	0	62	0	5	0	0	0	0	0	0	0	0	5	0	0	1	0	
List_of_arcade_video_games	0	0	0	0	0	0	0	0	1	0	0	0	0	0	0	12	0	0	1	1	0	0	0	0	0	5	7	0	0	0	0	0	1	0	0	0	0	0	1	1	0	1	0	0	0	1	0	5	0	0	0	0	0	1	0	1	2	0	1	0	15	0	0	0	0	0	1	0	0	0	0	2	0	0	0	0	0	1	0	0	0	1	0	0	15	0	1	0	0	0	0	2	0	1	0	0	0	0	0	0	
Fallout_3	2	0	0	0	0	0	0	3	0	0	0	0	0	2	2	64	0	75	0	0	0	0	0	0	1	6	4	6	0	0	0	0	0	0	3	0	0	0	0	3	0	0	0	0	0	2	1	3	0	11	0	0	0	0	0	0	0	0	0	0	0	0	4	0	0	0	0	0	0	0	1	0	0	0	0	0	0	23	0	0	0	0	0	1	15	0	2	10	0	0	0	0	0	0	1	0	1	0	0	0	
Sound_effect	0	0	0	0	0	0	0	0	0	1	0	0	0	0	0	7	0	0	0	0	0	0	0	0	1	0	0	0	0	0	0	0	0	0	0	0	0	0	0	0	0	0	0	0	0	0	0	0	0	2	0	0	0	0	0	0	0	0	0	0	0	0	0	0	0	0	0	0	0	0	0	0	0	0	0	0	0	1	0	0	0	0	1	0	3	0	0	0	0	0	0	0	0	0	0	0	0	0	0	0	
List_of_best-selling_video_games	3	1	0	0	0	0	1	0	5	3	1	0	0	0	2	47	0	0	2	8	0	0	7	0	0	4	4	3	0	13	0	0	0	0	3	2	0	1	4	2	0	1	3	0	0	8	0	9	0	0	0	1	1	5	0	1	18	2	0	0	4	1	0	0	4	1	0	0	13	0	0	1	0	0	0	0	4	6	0	0	0	0	1	0	26	0	0	0	0	10	1	55	0	13	1	0	1	0	0	0	
Platform_game	6	3	0	0	15	0	3	7	12	7	0	0	0	9	5	115	0	0	2	4	0	0	3	0	5	2	7	1	0	0	0	0	0	0	1	4	0	3	2	0	0	1	5	1	46	33	3	4	0	14	0	3	12	2	0	1	5	2	1	0	12	6	23	0	1	2	0	0	0	2	4	4	24	0	1	0	14	16	0	0	0	0	8	3	119	3	4	2	0	37	6	18	0	0	11	11	4	1	0	0	
Survival_game	7	0	0	0	0	0	5	0	0	0	0	0	0	7	32	51	0	0	0	0	0	0	0	0	3	0	0	0	0	0	0	0	1	0	0	5	0	3	0	0	0	0	0	0	3	0	0	0	0	13	0	3	1	0	0	0	0	3	0	0	1	0	5	0	1	2	0	0	0	0	3	0	0	0	1	0	0	18	0	0	0	0	3	0	38	3	0	3	0	0	3	0	0	0	10	0	4	2	0	0	
Virtual_reality	0	0	0	0	0	0	0	0	5	0	1	0	0	0	0	6	0	0	3	0	1	0	0	0	0	0	7	0	0	0	0	0	0	0	1	0	0	0	0	2	0	0	0	0	0	0	0	2	0	0	0	0	0	0	0	0	0	0	0	0	3	1	0	0	0	0	0	0	0	1	0	3	0	0	0	0	0	1	5	0	0	1	0	0	2	0	2	0	0	0	0	0	0	0	0	0	0	0	0	0	
List_of_highest-grossing_video_game_franchises	0	1	0	0	1	0	0	11	2	0	0	2	0	0	0	16	0	0	4	1	0	1	3	0	0	3	4	2	0	1	0	6	0	0	18	0	0	0	2	1	0	1	10	4	0	3	1	4	0	0	0	0	0	4	0	1	6	0	0	0	3	0	0	0	1	0	0	0	0	0	0	2	0	0	0	0	3	2	0	0	0	0	0	2	31	0	0	0	0	5	0	14	0	2	0	0	0	0	0	0	
Atari_2600	0	0	0	0	3	0	2	2	4	2	0	6	0	0	0	38	0	0	1	0	0	2	1	0	0	3	4	0	0	0	0	0	2	7	0	1	0	2	1	1	0	70	0	0	0	6	2	1	0	0	0	0	3	0	0	1	2	0	0	0	12	1	0	0	0	0	1	0	0	3	0	130	0	0	0	0	0	2	0	0	5	0	0	0	44	0	4	4	0	0	1	2	0	0	0	9	0	0	8	0	
Game_programmer	2	0	0	0	0	0	0	0	0	1	1	0	0	0	0	144	0	0	0	0	0	0	0	0	0	0	1	4	0	0	0	0	0	0	1	0	0	0	0	0	0	0	0	0	0	0	0	0	0	3	0	0	1	0	0	0	2	1	0	0	1	0	10	0	0	0	0	0	0	0	0	0	0	0	2	0	0	1	0	0	1	0	0	0	43	0	0	1	0	0	0	0	0	0	0	1	0	0	3	0	
Handheld_electronic_game	0	0	0	0	0	0	0	0	1	22	0	1	0	0	0	29	0	0	1	2	0	0	0	0	0	0	2	0	0	0	0	0	3	0	0	0	0	1	0	0	0	0	0	0	0	1	0	4	0	1	0	0	1	3	0	0	0	0	0	0	2	0	3	0	0	0	0	0	0	0	0	1	0	0	0	0	0	4	0	0	0	0	0	0	32	0	2	0	0	0	0	6	0	2	0	1	0	0	0	0	
Turn-based_strategy	6	0	0	0	0	0	6	0	0	0	0	0	0	1	2	29	0	0	0	0	0	0	0	0	1	0	0	0	0	0	0	0	0	0	0	6	0	3	0	0	0	0	0	0	2	0	0	0	0	3	0	7	2	0	0	0	0	16	0	0	1	0	4	0	1	1	0	0	0	0	1	0	0	0	3	0	0	0	0	0	0	0	2	0	36	3	0	3	0	0	1	1	0	0	1	0	1	1	0	0	
Video_game_console	3	0	0	0	1	0	1	40	42	53	1	4	0	0	2	181	0	0	15	10	0	0	4	0	0	32	50	0	0	0	0	1	16	7	6	5	0	1	22	14	0	14	4	2	0	16	1	40	0	11	0	1	3	7	0	10	34	2	1	0	20	16	1	1	5	1	6	0	0	4	0	42	0	0	1	1	2	5	0	0	6	7	1	1	102	0	14	0	0	4	1	82	0	2	2	115	1	0	1	0	
Game_design	11	0	0	0	0	0	1	1	0	0	0	0	0	0	0	171	0	0	0	0	0	0	0	0	0	0	0	0	0	0	0	0	0	0	4	2	0	0	0	0	0	0	0	0	0	1	0	0	0	19	0	0	0	0	0	0	0	2	0	0	0	0	13	2	5	0	0	0	0	0	0	0	0	0	0	0	0	20	0	0	1	0	0	0	144	0	2	0	0	0	0	0	0	0	0	1	0	0	0	0	
Video_game_development	0	0	0	0	0	0	1	0	1	0	0	1	0	0	0	245	0	0	2	0	0	0	0	0	0	2	1	2	0	0	0	1	0	0	7	1	0	0	0	0	0	0	0	1	0	0	0	0	0	0	0	0	0	0	0	0	0	0	0	0	4	0	12	0	1	0	0	0	0	0	0	0	0	0	6	0	0	2	0	0	1	0	0	0	73	0	4	0	0	1	0	2	0	0	1	10	0	1	0	0	
Computer_graphics	0	0	0	0	1	0	1	1	3	0	0	1	0	0	0	4	0	0	3	0	0	0	0	0	3	2	3	2	0	0	0	1	0	0	0	0	0	2	0	0	0	0	1	0	0	1	1	0	0	0	0	0	0	0	0	1	0	0	2	0	5	0	0	3	0	0	0	0	0	1	0	1	0	0	0	0	0	1	0	0	2	0	0	1	19	0	2	0	0	1	0	4	1	0	0	2	1	0	0	0	
User_interface	0	0	0	0	0	0	0	1	0	1	0	0	0	0	0	2	0	0	0	0	1	0	0	0	0	0	0	0	0	0	0	0	0	0	0	0	0	0	0	1	1	0	0	0	0	1	0	0	0	0	0	0	0	0	0	0	0	0	1	0	0	0	0	0	0	0	0	0	0	0	0	0	0	0	0	0	0	0	0	0	0	0	0	0	2	0	0	0	0	0	0	0	0	0	0	0	0	0	0	0	
Adventure_game	5	0	0	0	0	0	2	5	3	1	0	0	0	3	5	98	0	0	0	2	0	0	0	0	1	1	6	0	0	0	0	0	0	0	5	3	0	3	4	0	0	0	0	1	16	0	2	1	0	10	0	2	153	0	0	0	0	2	0	0	5	1	13	0	1	1	1	0	0	0	4	0	0	0	1	0	0	31	0	0	1	0	9	1	157	5	5	3	0	0	5	3	2	0	2	3	2	1	1	0	
Role-playing_video_game	73	69	0	0	0	0	7	6	0	0	0	0	0	6	2	88	10	4	0	0	0	0	4	0	2	5	1	0	0	0	0	0	1	0	4	10	0	3	0	3	0	1	1	0	13	2	2	0	0	37	0	16	3	0	0	0	1	14	0	0	2	0	11	0	2	2	1	0	0	2	3	1	0	0	1	0	0	31	0	0	0	5	9	2	118	3	2	27	0	1	4	2	2	1	2	8	1	3	0	0	
Strategy_video_game	9	1	0	0	0	0	13	0	0	0	0	0	0	1	2	59	0	0	0	0	0	0	0	0	1	0	0	0	0	0	0	0	0	0	0	18	0	3	0	0	0	0	0	0	12	0	0	0	0	24	0	13	1	0	0	0	0	25	0	0	1	0	9	0	2	1	0	0	0	0	1	0	0	0	1	0	0	19	0	0	0	0	3	0	117	3	2	10	0	0	1	0	2	0	1	0	5	1	0	0	
Pong	0	0	0	0	0	0	0	0	1	1	0	0	0	0	0	31	0	0	0	1	0	0	0	0	0	0	1	0	0	0	0	0	0	0	0	0	0	0	0	0	0	1	0	0	0	2	0	0	0	1	0	0	0	0	0	0	0	0	0	0	6	0	3	2	2	0	0	0	0	0	0	30	0	0	0	0	0	4	0	0	45	0	0	0	14	0	0	0	0	0	0	1	0	0	0	5	0	0	1	0	
Action_role-playing_game	18	12	0	0	0	0	3	1	0	0	0	0	0	6	2	41	5	2	0	0	0	0	0	0	1	0	0	0	0	0	0	0	0	0	0	6	0	3	0	0	0	0	0	0	4	0	4	1	0	3	0	3	4	0	0	0	0	3	0	0	1	0	6	0	1	1	0	0	0	0	2	0	0	0	1	0	0	7	0	0	0	0	3	5	24	4	0	8	0	1	5	0	1	0	5	1	1	2	0	0	
Video_game_industry	0	0	0	0	0	0	0	5	0	3	0	1	0	0	0	157	0	1	3	0	0	0	1	0	1	1	2	1	0	0	0	0	0	0	11	4	0	0	0	0	0	1	3	1	0	0	0	1	0	5	0	0	0	0	0	0	0	0	0	0	8	0	1	0	1	0	0	0	0	0	0	6	0	0	3	0	0	3	0	0	0	0	0	0	71	0	25	0	0	3	0	9	3	2	0	18	0	0	0	0	
Massively_multiplayer_online_game	10	0	0	0	0	0	5	1	0	0	0	0	0	4	2	83	9	0	2	0	0	0	0	0	1	1	1	0	0	0	0	0	0	0	3	44	0	8	0	0	0	0	0	0	7	0	1	0	0	37	0	2	3	0	0	0	0	4	0	0	2	0	8	0	5	1	0	0	0	1	1	0	0	0	1	0	0	11	0	0	0	0	7	0	56	3	4	9	0	0	1	0	7	0	4	1	1	7	0	0	
Real-time_strategy	6	0	0	0	0	0	11	2	1	1	0	0	0	3	2	64	0	1	0	0	0	0	0	0	1	1	1	6	0	0	0	0	0	0	2	7	0	3	0	2	0	0	0	0	23	0	0	0	0	8	0	6	1	0	0	0	0	14	0	0	1	0	22	0	3	1	0	0	0	0	1	0	0	0	2	0	0	10	0	0	0	0	9	0	74	4	0	6	0	0	1	0	1	0	3	3	1	1	0	0	
Educational_game	0	0	0	0	0	0	0	0	0	0	0	0	0	0	0	17	0	0	0	0	0	0	0	0	0	0	0	0	0	0	0	0	0	0	1	0	0	0	0	0	0	0	0	0	0	0	0	0	0	2	0	0	0	0	0	0	0	0	0	0	0	0	1	0	0	0	0	0	0	0	0	0	0	0	0	0	0	2	0	0	0	0	0	0	30	0	4	0	0	0	0	0	0	0	0	0	0	0	0	0	
Amusement_arcade	0	0	0	0	1	0	0	2	3	0	0	1	0	0	0	34	0	0	0	0	0	0	0	0	1	0	0	0	0	0	0	2	0	0	1	0	0	2	0	0	0	0	0	0	0	0	0	0	0	3	0	0	0	0	0	0	0	0	27	0	51	0	2	0	0	0	0	0	0	0	0	0	0	0	0	0	0	7	0	0	1	0	1	0	62	0	4	0	0	0	0	0	0	0	1	2	0	0	0	0	
Game_designer	11	0	0	0	0	0	1	1	0	0	0	0	0	0	0	171	0	0	0	0	0	0	0	0	0	0	0	0	0	0	0	0	0	0	4	2	0	0	0	0	0	0	0	0	0	1	0	0	0	19	0	0	0	0	0	0	0	2	0	0	0	0	13	2	5	0	0	0	0	0	0	0	0	0	0	0	0	20	0	0	1	0	0	0	144	0	2	0	0	0	0	0	0	0	0	1	0	0	0	0	
Action_game	5	0	0	0	0	0	5	0	0	0	0	2	0	8	8	55	0	0	0	0	0	0	0	0	3	0	0	0	0	0	0	0	0	0	0	4	0	3	0	0	0	0	0	0	4	0	1	0	0	13	0	3	3	0	0	0	0	2	0	0	4	0	2	0	2	2	0	0	0	0	5	0	0	0	1	0	0	30	0	0	0	0	4	1	58	3	0	3	0	0	3	0	0	0	14	0	10	1	0	0	
Video_game_design	1	0	0	0	0	0	1	1	0	0	0	0	0	0	0	145	1	0	0	0	0	0	0	0	0	0	0	1	0	0	0	0	0	0	2	1	0	0	0	0	0	0	0	0	0	1	0	0	0	3	0	0	0	0	0	0	0	2	0	0	0	0	14	0	1	0	0	0	0	0	0	0	0	0	2	0	0	11	0	0	0	0	0	0	24	0	1	0	0	0	0	0	0	0	0	1	0	0	0	0	
Atari	0	0	0	0	0	0	0	1	0	1	0	0	0	0	0	19	0	0	0	0	0	0	0	0	0	1	0	1	0	0	0	2	0	1	5	0	0	0	0	0	0	6	0	0	0	0	0	1	0	1	0	0	0	0	0	0	0	0	0	0	6	1	0	0	0	0	0	0	0	0	0	104	0	0	0	0	0	0	0	0	3	1	0	0	14	0	1	1	0	0	0	2	0	0	0	6	0	1	1	0	
List_of_most-played_video_games_by_player_count	3	1	0	0	0	0	1	0	1	3	0	0	0	0	2	30	0	0	2	1	0	0	4	0	0	3	4	3	0	1	0	1	0	0	7	2	0	0	0	1	0	1	3	1	0	1	1	3	0	10	0	1	1	2	0	1	2	2	0	0	4	0	0	0	1	1	0	0	0	0	0	1	0	0	0	0	0	8	0	0	0	0	1	0	22	0	0	0	0	0	1	7	0	0	1	0	1	0	0	0	
Nintendo_Switch	0	0	0	0	1	0	0	11	4	6	0	0	0	0	0	55	0	0	3	6	0	0	1	0	0	7	14	1	0	0	0	0	5	1	3	5	0	0	16	1	0	1	0	0	0	20	1	13	0	15	0	0	1	12	0	3	36	0	0	0	1	26	4	1	1	0	3	0	0	9	0	7	0	0	0	6	0	5	0	0	0	3	0	1	33	0	10	0	0	8	0	155	2	5	0	19	0	0	0	0	
Serious_game	6	0	0	0	0	0	2	0	0	3	0	0	0	1	2	71	0	0	0	0	0	0	0	0	1	0	0	0	0	0	0	0	0	1	1	4	0	3	0	0	0	0	0	0	0	0	0	1	0	1	0	2	1	0	0	0	0	2	0	0	1	1	2	0	1	1	0	0	0	0	1	0	0	0	3	0	0	0	0	0	0	0	3	0	35	3	11	2	0	0	1	0	0	0	1	0	1	2	0	0	
PlayStation_4	0	0	0	0	0	0	0	15	3	2	1	0	0	0	0	24	0	0	129	0	0	0	8	0	0	12	176	8	0	0	0	2	4	0	26	3	0	0	3	2	0	1	0	0	0	5	1	0	0	3	0	0	0	3	0	1	5	0	0	0	2	1	6	1	3	0	1	0	0	11	0	6	0	0	0	4	0	2	0	0	0	0	0	0	49	0	1	0	0	0	0	4	4	0	0	12	0	0	2	27	
Arcade_cabinet	0	0	0	0	0	0	0	2	1	3	0	0	0	0	0	33	0	0	0	0	0	0	0	0	0	0	0	0	0	0	0	2	0	0	0	0	0	1	0	0	0	0	0	0	0	1	0	1	0	6	0	0	0	0	0	0	0	0	2	0	35	0	1	0	0	0	0	0	0	0	0	0	0	0	0	0	0	12	0	0	1	0	1	0	30	0	1	0	0	0	0	2	0	0	0	0	1	0	4	0	
Level_design	0	0	0	0	0	0	1	1	0	0	0	0	0	0	0	54	0	0	0	0	0	0	0	0	0	0	0	0	0	0	0	0	0	0	0	0	0	0	0	0	1	0	0	0	1	1	0	0	0	9	0	0	0	0	0	0	0	0	0	0	0	0	7	0	0	0	0	0	0	0	0	0	0	0	2	0	1	13	0	0	0	0	1	0	7	0	1	1	0	1	0	0	0	0	0	0	1	0	0	0	
List_of_Game_of_the_Year_awards	177	0	0	0	12	0	3	7	21	7	0	2	0	98	22	243	0	13	2	5	0	5	2	0	0	335	456	66	0	49	0	13	2	0	32	2	0	8	8	231	0	8	2	37	68	55	73	19	0	1	0	4	33	13	0	53	112	8	0	0	31	0	0	1	27	4	18	0	97	0	12	22	62	0	0	0	9	2	0	0	0	1	1	73	94	1	15	9	0	46	257	220	1	4	121	0	29	5	2	0	
Game_controller	0	0	0	0	0	0	0	1	4	3	2	0	0	2	0	50	0	0	0	5	0	0	0	0	10	7	10	0	0	0	0	1	0	0	2	0	0	7	5	2	0	3	0	0	2	1	0	0	0	8	0	0	0	2	0	0	13	0	1	0	6	2	1	1	0	0	0	0	0	35	0	4	0	0	0	1	1	3	0	0	1	4	0	0	31	0	4	0	0	6	0	15	0	1	2	8	0	0	10	0	
Online_game	9	0	0	0	0	0	7	0	0	3	0	0	0	5	4	71	2	0	0	0	0	0	2	0	1	6	5	0	0	0	0	0	0	0	1	25	0	3	0	0	0	0	2	0	0	0	0	0	0	5	0	3	2	1	0	0	3	4	0	0	8	0	3	0	3	2	0	0	0	0	1	0	0	0	1	0	0	9	0	0	0	0	5	0	60	3	9	2	0	0	2	3	3	0	9	3	3	4	0	0	
Super_Nintendo_Entertainment_System	0	0	0	0	3	0	0	12	10	4	0	0	0	0	0	61	0	0	5	2	0	0	3	0	1	3	5	1	0	0	0	0	4	12	14	3	0	0	40	2	0	1	1	1	0	77	0	23	0	2	0	0	0	2	0	5	13	0	0	0	1	7	0	0	1	0	43	0	0	9	0	7	0	0	0	4	0	2	0	0	0	20	0	0	43	0	2	0	0	6	0	56	1	2	0	11	0	0	1	0	
Video_game_music	3	1	0	0	0	0	5	5	3	3	0	2	0	0	2	210	0	0	1	0	0	0	2	0	1	4	7	1	0	0	0	1	1	3	5	2	0	0	8	2	0	2	4	1	5	9	2	0	0	7	0	1	5	0	0	1	2	2	2	0	18	1	4	0	1	1	0	0	0	3	0	5	0	0	0	0	1	7	0	0	0	3	3	2	87	0	5	0	0	1	1	5	3	0	1	11	1	0	2	0	
Game_Boy	0	0	0	0	0	0	0	4	3	10	0	0	0	0	0	100	0	0	1	5	0	0	0	0	0	0	2	0	0	0	0	0	5	2	6	1	0	0	12	0	0	0	0	0	0	15	0	70	0	2	0	0	1	5	0	3	8	0	0	0	1	1	1	1	0	0	2	0	0	4	0	2	0	0	0	6	1	3	0	0	0	3	0	0	6	0	0	0	0	1	0	32	0	5	0	3	0	0	0	0	
Nintendo	2	0	0	0	7	0	0	31	6	17	0	0	0	0	0	125	0	0	4	21	0	0	5	0	4	1	1	8	0	0	0	3	0	1	39	1	0	1	35	0	0	1	1	3	1	43	4	50	0	3	0	0	3	19	0	18	40	0	0	0	4	39	0	1	2	0	8	0	1	11	0	4	0	0	0	7	8	4	0	0	0	13	0	6	80	0	7	0	0	35	0	305	0	13	1	14	0	0	0	0	
Space_Invaders	0	0	0	0	1	0	2	6	1	0	0	52	0	0	0	58	0	0	0	0	0	4	2	0	1	0	1	0	0	0	0	1	0	0	1	0	0	1	0	0	0	8	1	0	1	2	2	0	0	2	0	0	1	0	0	0	0	0	0	0	10	0	4	0	1	0	0	0	0	0	0	18	0	0	0	0	1	4	0	0	1	0	0	1	34	0	3	2	0	2	0	1	0	0	1	2	0	0	0	0	
Tactical_role-playing_game	16	24	0	0	0	0	14	5	7	0	0	0	0	1	3	54	4	1	0	2	0	0	0	0	1	0	9	2	0	0	0	0	0	0	3	10	0	3	0	0	0	0	0	0	12	2	0	3	0	7	0	49	1	0	0	0	0	13	0	0	1	0	18	0	1	3	3	0	0	0	5	0	0	0	2	0	0	14	0	0	0	2	4	0	38	4	2	15	0	0	1	6	1	0	3	4	1	2	0	0	
Video_game_developer	1	0	0	0	0	0	0	0	0	0	0	0	0	1	0	72	0	0	2	0	0	0	0	0	0	4	3	4	0	3	0	0	0	0	1	0	0	0	0	1	0	0	0	0	0	0	0	0	0	0	0	0	0	0	0	0	0	0	0	0	0	1	0	0	0	0	0	0	1	0	0	0	0	0	6	1	0	0	0	0	0	0	0	0	20	0	3	0	0	0	0	5	0	0	0	1	0	0	0	0	
Stealth_game	5	0	0	0	0	0	3	0	1	0	0	0	0	6	6	53	0	0	0	0	0	0	0	0	3	0	1	0	0	0	0	0	0	0	0	3	0	3	0	0	0	0	0	0	11	0	0	1	0	8	0	3	1	0	0	0	0	2	0	0	2	0	12	0	1	29	0	0	0	0	3	0	1	0	1	0	0	14	0	0	0	0	4	0	23	3	1	3	0	0	2	0	1	0	9	0	4	1	0	0	
Microsoft_Flight_Simulator	0	0	0	0	0	0	1	1	0	0	0	0	0	0	0	14	0	0	0	0	0	0	0	0	0	2	0	2	0	0	0	0	0	0	0	6	0	0	0	0	0	0	0	0	0	0	0	0	0	1	0	0	0	0	0	0	0	0	0	0	0	0	0	0	0	0	0	0	0	0	0	2	0	0	0	1	0	0	0	0	0	0	0	0	9	6	2	5	0	0	0	0	1	0	0	0	0	0	0	0	
Taito_Corporation	0	0	0	0	0	0	1	7	0	0	0	9	0	0	0	13	0	0	0	1	0	72	0	0	3	0	1	3	0	0	0	0	2	0	0	0	0	0	0	0	0	0	3	0	0	2	1	0	0	0	0	0	1	0	0	0	0	0	3	0	12	0	0	0	0	0	0	0	0	0	0	0	0	0	0	0	0	0	0	0	0	2	0	0	29	0	1	0	0	0	0	0	0	0	0	4	1	0	0	0	
Kinect	0	0	0	0	1	0	0	1	3	0	118	1	0	0	0	7	0	0	0	0	0	0	1	0	0	70	10	4	0	0	0	1	0	0	0	0	0	1	0	27	0	0	0	1	0	0	0	1	0	3	0	0	0	0	0	0	5	0	0	0	4	0	1	0	0	0	0	0	0	8	0	0	0	0	1	1	0	2	1	0	0	1	0	0	33	0	2	0	0	0	0	0	0	0	0	8	0	0	0	0	
PlayStation_Network	0	0	0	0	1	0	0	16	0	1	0	0	0	0	0	26	0	0	118	0	0	0	9	0	0	2	171	7	0	0	0	2	0	0	33	3	0	0	2	0	0	0	0	0	0	2	1	0	0	6	0	0	0	0	0	0	0	0	0	0	2	0	1	1	4	0	0	0	0	2	0	0	0	0	0	6	0	2	0	0	0	0	0	0	53	0	9	0	0	0	0	1	0	0	0	3	0	0	2	27	
Game_Developers_Conference	0	0	0	0	0	0	0	1	0	0	0	0	0	0	0	74	0	0	1	0	0	0	0	0	0	0	2	1	0	0	0	0	0	0	6	1	0	0	0	0	0	0	0	0	0	0	0	0	0	0	0	0	0	0	0	0	0	0	0	0	0	0	2	0	0	0	0	0	0	0	0	0	0	0	1	0	0	3	0	0	0	0	0	0	31	0	2	0	0	0	0	2	0	0	0	0	0	0	0	0	
History_of_video_games	8	3	0	0	5	0	1	20	23	21	1	9	0	6	3	203	4	0	15	2	0	6	3	0	6	29	44	4	0	0	0	3	0	1	18	10	0	7	8	11	0	5	4	5	12	5	3	12	0	9	0	1	8	3	0	12	28	2	17	0	47	14	7	4	4	1	6	0	0	12	0	33	2	0	0	2	0	8	0	1	8	4	10	4	265	1	60	3	0	4	1	55	4	1	5	72	2	0	2	0	
Xbox_360	0	0	0	0	0	0	0	5	3	2	10	0	0	0	0	33	0	0	1	3	0	0	3	0	0	207	8	5	0	0	0	0	2	0	6	1	0	2	1	111	0	1	0	0	0	3	0	0	0	0	0	0	0	0	0	1	4	0	0	0	20	1	0	0	0	0	1	0	0	7	0	6	0	0	2	5	0	3	0	0	0	0	0	0	48	0	5	1	0	0	0	3	0	0	0	12	0	0	0	0	
PlayStation	0	0	0	0	0	0	0	23	1	10	0	0	0	0	0	34	0	0	166	1	0	0	10	0	2	3	378	11	0	0	0	2	1	0	42	1	0	1	2	2	0	0	2	0	0	7	1	1	0	4	0	0	0	0	0	1	1	0	1	0	2	1	1	1	3	0	0	0	0	44	0	0	0	0	0	6	0	4	0	0	0	1	0	0	75	0	8	0	0	0	0	7	1	0	0	18	1	0	3	27	
List_of_best-selling_video_game_franchises	27	1	0	0	6	0	4	10	16	7	1	0	0	12	6	232	0	2	11	8	0	1	13	0	2	18	48	17	0	8	0	13	0	0	30	5	0	27	2	7	0	1	25	14	2	15	4	8	0	11	0	10	12	5	0	3	24	9	1	0	22	5	7	0	34	3	0	0	0	0	8	5	4	0	0	0	3	8	0	0	0	2	3	2	212	0	4	4	0	34	13	46	0	7	24	14	11	0	0	0	
Touchscreen	0	0	0	0	0	0	0	0	0	4	0	0	0	0	0	3	0	0	1	2	0	0	0	0	0	0	0	0	0	0	0	0	0	0	0	0	0	0	0	0	0	0	0	0	0	1	0	0	0	0	0	0	0	0	0	0	0	0	0	0	0	0	0	0	0	0	0	0	0	5	0	1	0	0	0	0	0	0	0	0	0	0	0	0	1	0	2	0	0	0	0	2	0	0	0	2	0	0	1	0	
Sports_game	3	0	0	0	0	0	2	0	12	0	0	0	0	2	2	80	0	0	0	0	0	5	1	0	1	0	2	0	0	0	0	0	0	0	0	4	0	9	1	0	0	0	3	0	7	2	0	0	0	20	0	3	1	1	0	1	12	2	3	0	11	1	7	7	69	1	0	0	0	1	3	3	0	0	1	0	0	9	0	0	1	0	4	0	66	5	3	6	0	7	1	6	0	0	1	3	6	1	0	0	
Augmented_reality	0	0	0	0	0	0	0	1	0	8	0	0	0	0	0	10	0	0	0	0	0	0	0	0	0	0	0	0	0	0	0	0	0	0	2	0	0	1	0	2	0	0	0	0	0	1	0	0	0	1	0	0	0	0	0	0	0	0	0	0	0	0	0	0	2	0	0	0	0	3	0	0	0	0	0	0	0	1	98	0	0	0	0	0	7	0	5	2	0	0	0	0	0	4	0	0	0	0	0	0	
Ping_pong	0	0	0	0	1	0	0	2	0	0	0	0	0	0	0	37	0	0	0	0	0	0	0	0	0	0	0	0	0	0	0	0	0	0	0	0	0	1	0	0	0	0	0	0	0	1	0	0	0	34	0	1	0	0	0	0	0	0	0	0	0	0	2	64	3	0	0	0	0	0	0	0	0	0	0	0	0	29	0	0	1	0	0	0	22	0	0	0	0	0	0	0	0	0	0	0	0	0	0	0	
Gamepad	0	0	0	0	1	0	0	0	2	2	0	0	0	0	0	11	0	0	1	0	0	0	0	0	1	5	1	0	0	0	0	0	0	0	0	0	0	1	4	3	0	0	0	0	0	1	0	0	0	1	0	0	0	0	0	0	6	0	0	0	1	1	0	0	0	0	0	0	0	25	0	0	0	0	0	0	0	0	0	0	0	2	0	0	4	0	5	0	0	0	0	3	0	0	0	3	0	0	4	0	
Video_game	8	0	0	0	0	0	4	4	0	14	1	1	0	3	4	215	1	1	0	0	0	0	3	0	2	5	4	2	0	3	0	0	0	0	12	19	0	5	1	1	0	1	3	0	4	1	0	1	0	38	0	5	2	1	0	0	3	4	3	0	17	2	9	3	5	2	0	0	0	14	1	2	0	0	1	1	0	23	0	0	4	0	13	0	229	3	18	2	0	0	2	5	11	0	4	10	3	1	2	0	
Nim	0	0	0	0	0	0	0	0	0	0	0	0	0	0	0	62	0	0	0	0	0	0	0	0	0	0	0	0	0	0	0	0	0	0	0	0	0	0	0	0	0	0	0	0	0	0	0	0	0	13	0	0	0	0	0	0	0	0	0	0	0	0	0	0	0	0	0	0	0	0	0	0	0	0	0	0	0	28	0	0	0	0	0	0	8	0	0	0	0	0	0	0	0	0	0	0	0	0	0	0	
Console_game	3	0	0	0	1	0	1	0	2	11	0	0	0	0	2	82	0	0	1	0	0	0	3	0	0	4	3	0	0	0	0	0	0	5	2	5	0	1	0	1	0	3	4	0	1	0	2	0	0	7	0	1	2	0	0	0	0	2	2	0	15	2	1	0	1	1	0	0	0	8	0	3	0	1	0	2	0	10	0	0	1	0	1	2	91	0	9	0	0	4	1	4	1	0	1	36	1	0	0	0	
History_of_video_game_consoles_(second_generation)	2	0	0	0	3	0	0	2	0	5	0	2	0	0	0	40	0	0	0	0	0	0	2	0	0	0	0	0	0	0	0	0	0	15	1	1	0	0	0	0	0	18	0	0	0	4	0	0	0	0	0	0	3	0	0	0	0	0	0	0	16	1	0	0	0	0	0	0	0	5	0	31	0	0	0	2	0	0	0	0	2	0	1	0	36	0	1	1	0	0	0	1	0	0	0	24	0	0	1	0	
Turn-based_tactics	10	0	0	0	0	0	10	0	0	0	0	0	0	2	2	38	0	0	0	0	0	0	0	0	1	0	0	0	0	0	0	0	0	0	0	8	0	5	0	0	0	0	0	0	8	0	0	0	0	4	0	25	1	0	0	0	0	24	0	0	1	0	7	0	1	1	0	0	0	0	1	0	0	0	1	0	0	2	0	0	0	0	5	0	42	3	0	9	0	0	1	0	0	0	1	0	2	1	0	0	
Joystick	0	0	0	0	0	0	0	0	1	0	0	0	0	0	0	9	0	0	0	0	0	1	0	0	5	0	0	0	0	0	0	0	0	0	0	0	0	2	0	0	0	1	0	0	1	0	0	0	0	1	0	0	0	0	0	0	0	0	0	0	10	1	0	0	0	0	0	0	0	11	1	11	0	0	0	0	0	2	0	0	0	0	0	0	9	0	3	0	0	0	0	1	1	0	2	4	1	0	34	0	
Shooter_game	5	0	0	0	0	0	4	0	0	0	0	1	0	11	5	41	0	0	0	0	0	0	0	0	16	0	0	0	0	0	0	0	0	0	0	5	0	3	1	0	0	0	0	0	6	0	0	0	0	5	0	6	2	0	0	0	0	2	0	0	4	0	3	0	1	2	0	0	0	0	8	0	0	0	1	0	2	9	0	0	0	0	2	0	32	3	0	2	0	0	2	0	1	0	24	0	4	1	0	0	
Rockstar_Games	0	0	0	0	0	0	0	0	0	0	0	0	0	1	0	14	0	0	0	0	0	0	1	0	0	4	5	10	0	79	0	0	0	0	4	1	0	1	0	1	0	0	2	0	3	0	0	0	0	0	0	0	0	0	0	0	1	0	0	0	0	0	0	2	1	0	0	0	0	0	0	0	0	0	1	0	0	0	0	0	0	0	0	0	44	0	2	0	0	0	2	1	0	0	1	0	0	0	0	0	
Mobile_gaming	5	0	0	0	0	0	3	4	0	9	0	0	0	0	2	64	0	0	1	0	0	0	3	0	0	0	0	0	0	0	0	2	0	0	1	5	0	0	0	0	0	0	3	0	0	0	0	1	0	16	0	1	1	1	0	0	0	3	0	0	3	0	3	0	1	1	0	0	0	0	0	0	0	0	0	0	0	8	0	0	0	0	2	0	93	3	16	0	0	0	1	2	0	2	1	3	2	0	0	0	
Massively_multiplayer_online_role-playing_game	12	5	0	0	0	0	2	0	1	0	0	0	0	1	2	68	50	0	0	0	0	0	0	0	1	0	2	0	0	0	0	0	0	0	0	18	0	3	0	0	0	0	0	0	5	0	0	0	0	52	0	3	2	0	0	0	0	2	0	0	2	0	8	0	1	1	0	0	0	0	1	0	0	0	2	0	0	10	0	0	0	0	7	0	30	3	1	7	0	0	1	0	5	1	1	1	1	27	0	0	
Interactive_fiction	5	0	0	0	0	0	2	1	0	0	0	0	0	3	2	72	0	0	0	0	0	0	0	1	1	1	0	0	0	0	0	0	0	0	6	4	0	3	0	0	0	0	0	0	6	0	5	1	0	10	0	2	42	0	0	0	0	2	0	0	1	0	7	0	1	1	0	0	0	0	1	3	0	0	1	0	0	18	0	0	0	0	2	0	40	3	5	2	0	0	1	0	0	0	2	0	1	1	0	0	
History_of_video_game_consoles_(third_generation)	4	1	0	0	0	0	0	16	22	3	0	0	0	0	0	28	0	0	0	1	0	0	3	0	1	0	0	0	0	0	0	0	0	7	7	1	0	0	25	0	0	1	1	1	0	6	3	5	0	0	0	0	0	0	0	0	0	0	0	0	4	3	0	0	1	0	0	0	2	3	0	15	0	0	0	1	4	1	0	0	0	10	1	3	26	0	3	0	0	5	0	21	0	0	0	21	0	0	0	0	
Nintendo_Entertainment_System	0	0	0	0	6	0	0	20	11	4	0	0	0	0	0	108	0	0	2	2	0	1	3	0	4	3	5	0	0	0	0	1	2	29	41	1	0	0	136	2	0	5	2	1	1	36	5	10	0	3	0	0	1	3	0	3	12	0	0	0	4	15	0	0	1	0	11	0	0	29	0	18	0	0	0	12	11	3	0	0	0	84	0	8	67	0	3	1	0	11	0	136	2	2	1	23	0	0	3	0	
Handheld_game_console	0	0	0	0	0	0	2	15	15	80	0	0	0	0	0	191	0	0	9	25	0	0	0	0	0	0	28	0	0	0	0	0	15	1	2	3	0	0	3	0	0	1	0	0	0	7	5	91	0	3	0	0	2	18	0	1	1	0	0	0	3	7	1	0	0	0	1	0	0	2	0	9	0	0	0	0	0	5	0	0	0	0	0	5	38	0	9	0	0	0	0	73	1	3	0	30	0	0	0	0	
Game_development	0	0	0	0	0	0	1	0	1	0	0	1	0	0	0	245	0	0	2	0	0	0	0	0	0	2	1	2	0	0	0	1	0	0	7	1	0	0	0	0	0	0	0	1	0	0	0	0	0	0	0	0	0	0	0	0	0	0	0	0	4	0	12	0	1	0	0	0	0	0	0	0	0	0	6	0	0	2	0	0	1	0	0	0	73	0	4	0	0	1	0	2	0	0	1	10	0	1	0	0	
Video_game_genre	10	0	0	0	0	0	3	0	0	3	0	1	0	3	5	62	0	0	0	0	0	0	2	0	1	0	0	0	0	0	0	0	0	0	0	5	0	5	0	0	0	0	2	0	10	0	0	0	0	2	0	3	3	0	0	0	0	4	0	0	4	0	7	0	4	2	0	0	0	0	1	0	2	0	1	0	0	4	0	0	0	0	20	0	21	3	0	2	0	0	2	0	0	0	7	0	3	1	0	0	
Fighting_game	5	0	0	0	0	0	5	1	1	0	0	0	0	5	5	54	0	0	0	0	0	0	0	0	3	0	1	0	0	0	0	0	0	0	1	6	0	3	0	0	0	0	3	1	15	2	0	0	0	12	0	3	1	0	0	0	0	2	2	0	4	0	3	0	2	2	0	0	0	0	3	0	0	0	2	0	0	8	2	0	0	0	3	0	28	3	3	8	0	0	2	0	0	0	9	0	39	1	1	0	
Arcade_game	5	0	0	0	4	0	3	10	21	3	0	4	0	1	2	67	0	0	2	0	0	2	4	0	4	3	6	0	0	0	0	1	1	0	2	3	0	3	0	0	0	0	5	0	2	4	1	0	0	3	0	1	1	0	0	2	1	2	18	0	90	0	3	0	1	1	0	0	0	1	0	5	0	0	0	2	1	5	1	0	6	0	3	0	99	1	5	2	0	2	1	3	1	0	2	8	3	0	0	0	
